#bzip2	gpg
8426385	8429148
4213491	4214629
2107098	2107645
1054043	1054212
5129635 5131094
943286	943391
3221148	3222261
4008019	4009327
100592	100706
3829230	3830352
4970246	4971897
3259239	3260130
1084228	1084694
110175	110295
219734	219867
7975914	7978644
7488601	7491462
7643819	7646688
6125225	6127194
5689755	5691654
1461135	1461690
8139576	8142244
7241119	7243193
4280262	4281923
3595076	3596009
100403	100517
21812	21885
123511	123621
13140	13206
91284	91392
80747	80851
22982	23055
69206	69303
48203	48287
16644	16713
100652	100763
58838	58929
78182	78282
36806	36887
109714	109824
14416	14480
51274	51361
27080	27153
123348	123466
88436	88545
18971	19042
8477	8539
27863	27938
29256	29329
4367	4429
28960	29033
18130	18203
1994	2058
12374	12436
23217	23292
21852	21925
27324	27399
13141	13207
27305	27379
4789	4853
25002	25073
5904	5970
2157	2217
16851	16920
31886	31962
14	51
3439267	3440239
1080487	1080739
229125	229274
932308	932592
8157791	8159998
5897056	5899132
3579698	3580439
1203722	1204197
8181579	8184335
5893845	5895781
3782485	3783774
2740501	2740998
794894	795202
7264364	7266959
7137753	7140225
5508224	5509964
5122418	5123865
2238055	2238493
5515510	5516968
4303271	4304484
